0	1	0.3124608423354637
0	2	0.4843682989324718
1	0	0.3124608423354637
1	2	0.16732138936471358
2	0	0.4843682989324718
2	1	0.16732138936471358
3	4	0.3840135733065615
3	5	0.44999646761692774
4	3	0.3840135733065615
4	5	0.19055681129113303
5	3	0.44999646761692774
5	4	0.19055681129113303
6	7	0.47408288999218484
6	8	0.3910640524495959
6	9	0.19785432365979483
7	6	0.47408288999218484
7	8	0.19463209220578323
7	9	0.40984618551677804
8	6	0.3910640524495959
8	7	0.19463209220578323
8	9	0.08753006969927817
9	6	0.19785432365979483
9	7	0.40984618551677804
9	8	0.08753006969927817
10	11	0.5059446960620281
10	12	0.3354196539807385
10	13	0.20378887969592094
10	14	0.1143561716964554
11	10	0.5059446960620281
11	12	0.5998644937022553
11	13	0.39727395606284815
11	14	0.22584572176948417
12	10	0.3354196539807385
12	11	0.5998644937022553
12	13	0.568838386969063
12	14	0.2913838371356245
13	10	0.20378887969592094
13	11	0.39727395606284815
13	12	0.568838386969063
13	14	0.5068995739054138
14	10	0.1143561716964554
14	11	0.22584572176948417
14	12	0.2913838371356245
14	13	0.5068995739054138
