0	1	0.4653993232884687
0	2	0.20903204883520105
1	0	0.4653993232884687
1	2	0.37620316040202495
2	0	0.20903204883520105
2	1	0.37620316040202495
3	4	0.283175675094573
3	5	0.15289897172494166
4	3	0.283175675094573
4	5	0.47405570339846026
5	3	0.15289897172494166
5	4	0.47405570339846026
6	7	0.5425555103664145
6	8	0.24358918859184145
6	9	0.15403792192527987
7	6	0.5425555103664145
7	8	0.37831635502076594
7	9	0.20768746099913638
8	6	0.24358918859184145
8	7	0.37831635502076594
8	9	0.507497832214417
9	6	0.15403792192527987
9	7	0.20768746099913638
9	8	0.507497832214417
10	11	0.32901801364520067
10	12	0.19182305375168293
11	10	0.32901801364520067
11	12	0.5629226380700091
12	10	0.19182305375168293
12	11	0.5629226380700091
