0	1	0.46418814949221004
0	2	0.3119835135540661
0	3	0.09945460833599389
0	4	0.03965642225298734
0	5	0.018437866720737828
0	6	0.014116880612854104
0	7	0.00596173520617868
0	8	0.0060564166223108715
0	9	0.0015148421603928888
1	0	0.46418814949221004
1	2	0.6557630247570602
1	3	0.2136412760705679
1	4	0.08365651227805711
1	5	0.03943020266446149
1	6	0.02965422805318676
1	7	0.012580606685911247
1	8	0.012763198833800109
1	9	0.0032181427112988503
2	0	0.3119835135540661
2	1	0.6557630247570602
2	3	0.301467910845546
2	4	0.1267650587874289
2	5	0.059066294100177226
2	6	0.04500127148978533
2	7	0.019049673452119765
2	8	0.019338588109041
2	9	0.004852584543270974
3	0	0.09945460833599389
3	1	0.2136412760705679
3	2	0.301467910845546
3	4	0.3052519554747709
3	5	0.16761651936541028
3	6	0.11408941213313398
3	7	0.050824817018607533
3	8	0.051212797261085075
3	9	0.01364388043866852
4	0	0.03965642225298734
4	1	0.08365651227805711
4	2	0.1267650587874289
4	3	0.3052519554747709
4	5	0.4410383287426744
4	6	0.3541178917409117
4	7	0.1502737383284974
4	8	0.15253979071048612
4	9	0.03811962658371315
5	0	0.018437866720737828
5	1	0.03943020266446149
5	2	0.059066294100177226
5	3	0.16761651936541028
5	4	0.4410383287426744
5	6	0.5935841812352984
5	7	0.301056190907368
5	8	0.30226931353550934
5	9	0.08088075092674112
6	0	0.014116880612854104
6	1	0.02965422805318676
6	2	0.04500127148978533
6	3	0.11408941213313398
6	4	0.3541178917409117
6	5	0.5935841812352984
6	7	0.4204986101741305
6	8	0.42827974630842086
6	9	0.10542208301473419
7	0	0.00596173520617868
7	1	0.012580606685911247
7	2	0.019049673452119765
7	3	0.050824817018607533
7	4	0.1502737383284974
7	5	0.301056190907368
7	6	0.4204986101741305
7	8	0.9622200127717668
7	9	0.25033696531808025
8	0	0.0060564166223108715
8	1	0.012763198833800109
8	2	0.019338588109041
8	3	0.051212797261085075
8	4	0.15253979071048612
8	5	0.30226931353550934
8	6	0.42827974630842086
8	7	0.9622200127717668
8	9	0.24493825230919222
9	0	0.0015148421603928888
9	1	0.0032181427112988503
9	2	0.004852584543270974
9	3	0.01364388043866852
9	4	0.03811962658371315
9	5	0.08088075092674112
9	6	0.10542208301473419
9	7	0.25033696531808025
9	8	0.24493825230919222
10	11	0.5584810874934669
10	12	0.17354726331724685
10	13	0.07105537922069298
10	14	0.03198657684405262
10	15	0.022531901612150795
10	16	0.010449197857852992
10	17	0.0027812741312796437
11	10	0.5584810874934669
11	12	0.29493516119576785
11	13	0.12719917499129346
11	14	0.05712409277310676
11	15	0.040344867715904446
11	16	0.018697310971288617
11	17	0.004973438644607026
12	10	0.17354726331724685
12	11	0.29493516119576785
12	13	0.32174225443820315
12	14	0.1634388347472453
12	15	0.10764177687029275
12	16	0.0528980198356171
12	17	0.014486266113803763
13	10	0.07105537922069298
13	11	0.12719917499129346
13	12	0.32174225443820315
13	14	0.4407677616886689
13	15	0.316394217809865
13	16	0.14687609111598193
13	17	0.03900073267641326
14	10	0.03198657684405262
14	11	0.05712409277310676
14	12	0.1634388347472453
14	13	0.4407677616886689
14	15	0.6292403361905836
14	16	0.32278266133737404
14	17	0.0867712058719555
15	10	0.022531901612150795
15	11	0.040344867715904446
15	12	0.10764177687029275
15	13	0.316394217809865
15	14	0.6292403361905836
15	16	0.4545604285376797
15	17	0.12098223015827106
16	10	0.010449197857852992
16	11	0.018697310971288617
16	12	0.0528980198356171
16	13	0.14687609111598193
16	14	0.32278266133737404
16	15	0.4545604285376797
16	17	0.2651921119986759
17	10	0.0027812741312796437
17	11	0.004973438644607026
17	12	0.014486266113803763
17	13	0.03900073267641326
17	14	0.0867712058719555
17	15	0.12098223015827106
17	16	0.2651921119986759
18	19	0.48470200683256576
18	20	0.14312816825087424
18	21	0.05975688872542791
18	22	0.025914022883919693
18	23	0.020530355219785846
18	24	0.009155623336273665
18	25	0.0023947425610485367
19	18	0.48470200683256576
19	20	0.27814617810385844
19	21	0.1228517578859606
19	22	0.05300881324770517
19	23	0.04227999306932761
19	24	0.018833699707323563
19	25	0.004911354873435705
20	18	0.14312816825087424
20	19	0.27814617810385844
20	21	0.3532781716310821
20	22	0.16832986816293088
20	23	0.12596301276655852
20	24	0.0580596441167936
20	25	0.01574490075728604
21	18	0.05975688872542791
21	19	0.1228517578859606
21	20	0.3532781716310821
21	22	0.4263924407529608
21	23	0.34276704371655425
21	24	0.1532118943532276
21	25	0.039943891309532714
22	18	0.025914022883919693
22	19	0.05300881324770517
22	20	0.16832986816293088
22	21	0.4263924407529608
22	23	0.6955249582287635
22	24	0.3447585785174358
22	25	0.09228094985035916
23	18	0.020530355219785846
23	19	0.04227999306932761
23	20	0.12596301276655852
23	21	0.34276704371655425
23	22	0.6955249582287635
23	24	0.444126151910162
23	25	0.11463806635274504
24	18	0.009155623336273665
24	19	0.018833699707323563
24	20	0.0580596441167936
24	21	0.1532118943532276
24	22	0.3447585785174358
24	23	0.444126151910162
24	25	0.25774612193722213
25	18	0.0023947425610485367
25	19	0.004911354873435705
25	20	0.01574490075728604
25	21	0.039943891309532714
25	22	0.09228094985035916
25	23	0.11463806635274504
25	24	0.25774612193722213
26	27	0.5711531635221697
26	28	0.14832229600589256
26	29	0.06268317171369257
26	30	0.02626438488411371
26	31	0.00944563267958346
26	32	0.0026433972222297047
27	26	0.5711531635221697
27	28	0.2460332972349764
27	29	0.1095836549295029
27	30	0.04575172981284132
27	31	0.016489094101526897
27	32	0.004608117483360501
28	26	0.14832229600589256
28	27	0.2460332972349764
28	29	0.32774765228699504
28	30	0.15682559963253495
28	31	0.0563717528649431
28	32	0.016272805629937215
29	26	0.06268317171369257
29	27	0.1095836549295029
29	28	0.32774765228699504
29	30	0.41084296812980675
29	31	0.15019901701774957
29	32	0.04186291979366095
30	26	0.02626438488411371
30	27	0.04575172981284132
30	28	0.15682559963253495
30	29	0.41084296812980675
30	31	0.35736204302064717
30	32	0.100631707812615
31	26	0.00944563267958346
31	27	0.016489094101526897
31	28	0.0563717528649431
31	29	0.15019901701774957
31	30	0.35736204302064717
31	32	0.2783541270342416
32	26	0.0026433972222297047
32	27	0.004608117483360501
32	28	0.016272805629937215
32	29	0.04186291979366095
32	30	0.100631707812615
32	31	0.2783541270342416
